18894
18247
1032
26449
22684
11239
54575
2811
36001
20675
16575
14313
53662
17952
65250
24715
10146
915
61963
26933
12343
51987
46943
51321
54845
54158
26866
60297
25348
1306
57872
20137
30067
56807
22486
363
37829
56926
23738
64936
1025
16705
56147
44626
23331
61849
24367
49589
48310
37130
14560
20531
7548
25801
63516
1834
24825
23444
6840
21929
52305
19067
7465
8256
52921
30368
47072
47287
24878
34418
40896
22581
27192
51787
42571
9298
26665
15045
23361
31824
47471
40588
3176
29019
55635
37569
7281
36174
52237
958
34471
30120
20904
22812
5475
15915
45117
51930
23738
63017
30066
10078
11319
57186
16829
42596
37282
60286
59161
9333
5731
22532
5610
31020
61645
11868
50902
14565
64876
55373
9433
35939
31184
4003
8403
22286
23860
914
5273
25261
29576
22040
2198
63074
59218
27063
47400
8740
65202
39427
25041
10410
31249
19073
28892
7045
14130
64831
32757
49294
42255
51046
33311
51433
53926
52339
55066
55572
51351
56019
34010
47827
45582
44148
61977
44497
38955
42469
12017
20075
2940
38177
49916
7139
43998
59421
37003
46125
43065
304
11275
21517
55159
48789
59958
49783
13001
26790
20768
15999
12661
6825
52226
19358
47024
21009
55830
53538
3950
47655
6690
13202
19182
1206
53356
8563
49251
52605
59598
19756
15248
11322
11127
19268
30983
57967
56909
7076
24013
35973
28606
24056
47375
7241
61303
61668
48007
15077
65371
25094
27649
15527
55320
34207
27189
44985
55926
12496
11046
33331
42495
5223
23675
27151
38971
18741
20885
60681
2718
13617
50437
52502
20955
855
1643
2698
60551
13048
1892
21837
4738
34419
64688
1244
57146
22901
17150
16830
8266
44006
27525
21600
48379
50454
15194
21444
7056
35477
44173
7127
39849
37808
49230
22045
33605
48752
441
59905
47836
61589
49115
45641
42508
40897
16085
22000
54963
23303
56008
31097
26956
34408
30366
44375
32793
45623
44090
60569
39047
58715
22051
46735
47219
1600
62425
48416
41103
33515
36033
23079
5113
59860
31056
63172
45948
21167
31238
57888
4908
1161
53033
49216
21363
32295
24125
24382
14628
61948
4695
59316
11164
63833
30070
44813
41401
3642
25332
32100
61416
39185
47180
36728
32690
44063
6653
38357
46448
128
30906
10012
63623
22180
44824
43660
54939
58458
46275
27569
18520
10816
55468
63210
65364
4550
50112
55857
63022
2017
45013
40181
28404
24483
63117
1689
9638
24352
35072
21502
54971
12551
56820
41839
49303
37286
49468
57723
31976
30716
11792
50021
18521
32249
63355
41598
30165
14292
41084
16836
39862
37915
2145
64165
54697
24229
51853
28789
58300
62132
43618
37745
46718
28089
38898
25817
9949
28598
46896
62802
53274
53523
64878
32455
46892
7081
1750
10720
10116
63042
33424
3930
52637
49947
16381
50445
3623
11062
29841
22372
10649
11742
10272
59728
16708
3524
61391
28599
31040
24578
52686
39169
31718
56586
28796
4000
42036
60623
24108
60788
13977
19951
18042
36914
53203
32794
38479
39571
41362
40033
7051
64842
6429
7863
34875
31729
7964
29467
46645
32612
36295
17143
55934
50850
42327
60415
18196
60343
58157
58972
49357
57683
30653
23399
55672
53786
50980
48642
43791
53863
39407
53485
62331
62136
27610
27490
4026
43550
13999
14475
3328
40858
7506
10093
50555
19709
63264
53015
18490
12401
17441
31266
6013
35081
61348
11644
49585
22862
13940
58663
7886
28297
22778
34351
57569
59154
40338
1023
62138
31576
50529
53452
19949
7889
856
35037
61725
17929
58107
34766
37891
49016
20582
43336
46836
64604
9638
19666
865
28511
41209
501
24767
14024
58368
16351
6434
12718
56238
46489
20854
22809
35941
5780
36418
22953
58012
36500
3623
63087
38915
2122
12928
21590
3221
14268
45938
29963
52055
29814
58115
35601
53620
13475
10628
31941
9405
49382
16372
37877
14776
7706
33361
37142
37593
19882
16248
57155
44779
52190
56588
38410
11786
33966
24487
4894
16266
32930
49471
58770
14630
64363
1144
20797
18028
57826
8952
2297
40754
21813
33225
46216
43735
33086
10463
8322
64737
5364
27877
28330
39891
320
23613
33133
34295
54633
5182
4103
48726
27594
8765
6377
16370
28480
26422
44726
17252
9366
15603
45231
7298
27791
11062
54114
16456
65159
39408
18507
30654
51596
5735
19761
61535
24231
58225
21599
24350
27276
19396
20501
15677
1056
8302
56137
53159
57248
49005
35624
1822
129
12060
5388
51914
1638
15712
14069
11479
43047
3227
27238
47852
56020
10252
30165
16337
50841
44015
28004
8604
20505
34654
49846
9650
12061
38272
44014
62166
23269
44084
38139
42697
54776
42927
2833
20987
28323
32611
53844
3417
64251
6214
45061
40507
36739
36542
8610
34649
37478
17882
23096
56748
50008
3517
46181
61774
1342
65365
30677
40786
7081
19122
42551
3655
38550
42822
11417
23988
52093
36032
42061
63018
14201
65458
63714
17637
48057
59885
10515
45269
22366
31351
44374
10
55587
26633
14927
35275
19309
41357
56708
56263
59224
42569
16994
42334
15084
35238
4702
7200
64586
24770
20368
50591
7072
18691
37758
56749
59412
23093
48754
64132
11521
7037
48249
15170
46400
39885
5872
11771
36220
13331
31174
47700
7621
34238
44388
6645
63795
15239
46844
12744
18769
57070
27600
15241
32239
8907
15970
30712
27069
60688
319
50116
62512
16215
51229
9748
53933
41440
38841
23498
22931
40611
48499
43048
63926
5478
7019
53073
48385
7517
33520
41588
25757
55398
4069
21930
18771
5652
62050
28132
60288
9590
60046
16077
8030
27254
3073
3783
56564
39501
60337
16174
7327
16728
52269
37401
33404
61003
31178
29259
24566
4902
33178
12035
15308
3675
5357
28974
23066
34155
62942
58214
59349
8593
4712
34664
31687
9621
14504
33671
39551
15680
29461
9769
8141
18995
58403
24127
44673
64093
20700
12938
9075
16688
16196
43076
6886
45422
37485
45353
48101
30951
47368
55904
37886
56671
52788
40618
31644
33032
54752
4028
26596
2286
34814
31167
9968
38820
52950
14991
14045
46485
16103
8384
60232
62948
53277
46800
41001
56866
4984
10765
51356
14135
64286
23486
48141
4705
10255
52144
33083
1282
3645
44647
50239
44161
16382
48111
12286
43034
56024
16499
39910
19492
35836
12769
47464
16530
32832
38885
223
38466
1228
21032
43100
11177
47286
13712
4095
13378
12086
